0     0         0    
1     37.5      75.
2     75.       150.   
3     112.5     75.
4     150.      0.  
5     187.5     75.
6     225.      150.  
7     267.5     75.
8     300       0. 
9     337.5     75.
10    375.      150. 
11    412.5     75.
12    450       0.  
13    487.5     75.
14    525.      150. 
15    562.5     75.
16    600       0.
17    637.5     75.
18    675       150. 
19    712.5     75.
20    750       0.  
21    787.5     75.
22    825.      150. 
23    862.5     75.
24    900.      0.
25    75.       0.
26    225.      0.
27    375.      0.
28    525.      0.
29    675.      0.
30    825.      0.
31    150.      150.
32    300.      150.
33    450.      150.
34    600.      150.
35    750.      150.