0    0    1   
1    1    2   
2    2    3   
3    3    4   
4    4    5   
5    5    6   
6    6    7   
7    7    8   
8    8    9   
9    9    10   
10   10   11   
11   11   12   
12   12   13   
13   13   14   
14   14   15   
15   15   16   
16   16   17   
17   17   18   
18   18   19   
19   19   20   
20   20   21   
21   21   22   
22   22   23
23   23	  24
24   0    25
25   25   4
26   4    26
27   26   8
28   8    27
29   27   12
30   12   28
31   28   16
32   16   29
33   29   20
34   20   30
35   30   24
36   2    31
37   31   6
38   6    32
39   32   10
40   10   33
41   33   14
42   14   34
43   34   18
44   18   35
45   35   22

