0	0	0
1	18.75	37.50
2	37.50	75
3	56.25	112.5
4	75	150
5	93.75	112.5
6	112.5	75
7	131.25	37.50
8	150	0
9	168.75	37.50
10	187.5	75
11	206.25	112.5
12	225	150
13	243.75	112.5
14	262.5	75
15	281.25	37.50
16	300	0
17	318.75	37.50
18	337.5	75
19	356.25	112.5
20	375	150
21	393.75	112.5
22	412.5	75
23	431.25	37.50
24	450	0
25	468.750	37.50
26	487.5	75
27	506.25	112.5
28	525	150
29	543.75	112.5
30	562.5	75
31	581.25	37.50
32	600	0
33	618.75	37.50
34	637.5	75
35	656.25	112.5
36	675	150
37	693.75	112.5
38	712.5	75
39	731.25	37.50
40	750	0
41	768.75	37.50
42	787.5	75
43	806.25  112.5
44      825     150
45	843.75	112.5
46	862.5	75
47	881.25	37.50
48	900	0
49	37.5	0	
50	75	0
51	112.5	0
52	187.5	0
53	225	0
54	262.5	0
55	337.5	0
56	375	0
57	412.5	0
58	487.5	0
59	525	0	
60	562.5	0
61	637.5	0
62	675	0
63	712.5	0	
64	787.5	0
65	825	0
66	862.5	0
67	112.5	150
68	150	150
69	187.5	150
70	262.5	150
71	300	150
72	337.5	150
73	412.5	150
74	450	150
75	487.5	150
76	562.5	150
77	600	150
78	637.5	150
79	712.5	150
80	750	150
81	787.5	150