0     0     1
1     1     2
2     2     3
3     3     4
4     4     5
5     5     6
6     6     7
7     7     8
8     8     9
9     9    10
10    10    11
11    11    12
12    12    13
13    13    14
14    14    15
15    15    16
16    16    17
17    17    18
18    18    19
19    19    20
20    20    21
21    21    22
22    22    23
23    23    24
24    24    25
25    25    26
26    26    27
27    27    28
28    28    29
29    29    30
30    30    31
31    31    32
32    32    33
33    33    34
34    34    35
35    35    36
36    36    37
37    37    38
38    38    39
39    39    40
40    40    41
41    41    42
42    42    43
43    43    44
44    44    45
45    45    46
46    46    47
47    47    48
48    0     49
49    49    50
50    50    51
51    51    8
52    8     52
53    52    53
54    53    54
55    54    16
56    16    55
57    55    56
58    56    57
59    57    24
60    24    58
61    58    59
62    59    60
63    60    32
64    32    61
65    61    62
66    62    63
67    63    40
68    40    64
69    64    65
70    65    66
71    66    48
72    4     67
73    67    68
74    68    69
75    69    12
76    12    70
77    70    71
78    71    72
79    72    20
80    20    73
81    73    74
82    74    75
83    75    28
84    28    76
85    76    77
86    77    78
87    78    36
88    36    79
89    79    80
90    80    81
91    81    44